8.378065159648302729e-02
8.499225736427279410e-02
8.625789327789409877e-02
8.758104001978132824e-02
8.896564896737592376e-02
8.921394125247482376e-02
9.072624581666317856e-02
9.231541808537473137e-02
9.398829882802257896e-02
9.575283890275369802e-02
9.761834526981641447e-02
9.822651766337231471e-02
1.003178194019621883e-01
1.025499903653138978e-01
1.049422355956156488e-01
1.075181658787030536e-01
1.082852676049409768e-01
1.113103480614389962e-01
1.146352746225807739e-01
1.183232313568668426e-01
1.224584649396892183e-01
1.271557823961817768e-01
1.325754939786083497e-01
1.389475855543554073e-01
1.466118693975364262e-01
1.560858839750648153e-01
1.676851609235953666e-01
1.837726990460049337e-01
2.056619491749134554e-01
2.346913838446184064e-01
2.727327081620071203e-01
3.270583522129691945e-01
1.938117417597187420e-01
8.160368124682755575e-02
5.766911922249680356e-02
5.999493612668491821e-02
6.772956815727464164e-02
7.487938255238503482e-02
8.252911994754276448e-02
8.954235808759873627e-02
9.600193326947360772e-02
1.020260995292677636e-01
1.077234866680870512e-01
1.131844016680987608e-01
1.184819186795934565e-01
1.236751050143073682e-01
1.288121945026398374e-01
1.339332040258566781e-01
1.335677290889528690e-01
1.386419568439579142e-01
1.437927953091532596e-01
1.490430490013991971e-01
1.544138132089523108e-01
1.599249917085797668e-01
1.655957102211775278e-01
1.714446528043140350e-01
1.774903412272938186e-01
1.837513721763634755e-01
1.902466233588307187e-01
1.949428129783645214e-01
2.019393815601346898e-01
2.092319086314626264e-01
2.168423424949785516e-01
2.247937477521069760e-01
2.331104469427987269e-01
2.418181600940717546e-01
2.509441425940444059e-01
2.605173210763928049e-01
2.705684261710442073e-01
2.788754232078080042e-01
2.899873453162099546e-01
3.016881499104810405e-01
3.140179405534548884e-01
3.270192471312387550e-01
3.407370516919737136e-01
3.552187543238641831e-01
3.705140553511912516e-01
3.866747222936862682e-01
4.037541998178640901e-01
4.218070076418738434e-01
4.381848153822610614e-01
4.585846499930901210e-01
4.801590527309211320e-01
5.029582662577777308e-01
5.270240803794079554e-01
5.523852305542032992e-01
5.790512631194655313e-01
6.070044484841429222e-01
6.361892492976467528e-01
6.664987926295213860e-01
6.989091158074735022e-01
7.313652182017970071e-01
7.641510071505575041e-01
7.967262338236000829e-01
8.283669753972098260e-01
8.581327816920981677e-01
8.848402754626509825e-01
9.070525419050868843e-01
9.230974446828722479e-01
9.311308841463393771e-01
9.292606430515127913e-01
9.186795750952132522e-01
8.910731819511493734e-01
8.495967886187020257e-01
7.946568390347327204e-01
7.277897680284521886e-01
6.516187599786198437e-01
5.696125825840625545e-01
4.856931476311535101e-01
4.037878406546378529e-01
3.274336063731276281e-01
2.595098590055064935e-01
1.990921345421810817e-01
1.542086239871613418e-01
1.218487497259144042e-01
1.021867734390645988e-01
9.507550314377634371e-02
1.001594735044669948e-01
1.169489959373901100e-01
1.448546478090770306e-01
1.831873787041033153e-01
2.311305732755345177e-01
2.876940199045235347e-01
3.484622483193499098e-01
4.182484402108102017e-01
4.923292735070299297e-01
5.686296038145967069e-01
6.448143415780307475e-01
7.183983877659368966e-01
7.869069887967515831e-01
8.480663844167861676e-01
8.999930992001228258e-01
9.413464273977847352e-01
9.715567882115219156e-01
9.902604904860313750e-01
9.980223017854708001e-01
9.958007934758406066e-01
9.848628928447987763e-01
9.666341663035438181e-01
9.425695858068994237e-01
9.140555633224440868e-01
8.823455154450595694e-01
8.485253753852143310e-01
8.135025469606177451e-01
7.732115897935872839e-01
7.374949152225537263e-01
7.023952111047337965e-01
6.682295644318939631e-01
6.352184971819133663e-01
6.035056993938062719e-01
5.731750140457571030e-01
5.442646050154844595e-01
5.167784934319431533e-01
4.906957706281692144e-01
4.659778364401556683e-01
4.370839719731676731e-01
4.150594059346345288e-01
3.942378423406928123e-01
3.745514298628007110e-01
3.559323195593366296e-01
3.383138621404685464e-01
3.216314295405877099e-01
3.058229542831686354e-01
2.908292592261028098e-01
2.765942337212060620e-01
2.614521905927944534e-01
2.486401685291591557e-01
2.364363099349528763e-01
2.247966791205276704e-01
2.136802190875823626e-01
2.030486286317038924e-01
1.928662467312134976e-01
1.830999539771326345e-01
1.737191009977240019e-01
1.646954751948279394e-01
1.560033200605489279e-01
1.466733014535625546e-01
1.386252322526856096e-01
1.308466747686850562e-01
1.233239587662566389e-01
1.160481506514727673e-01
1.090170908165372932e-01
1.022397508070651134e-01
9.574854065307951412e-02
8.964030967096930924e-02
8.424443187369315411e-02
8.056286658209471652e-02
8.992257791018327950e-02
1.482150695078155445e-01
1.177496288665967061e-01
9.740111382660060491e-02
9.316843424105099303e-02
9.743402739467441065e-02
1.099763764144265216e-01
1.335106447576170641e-01
1.732567781747369196e-01
2.374106156912201004e-01
3.360142813753805302e-01
4.808223886741304631e-01
6.651703190446965896e-01
8.462123769219366265e-01
9.532473441517566037e-01
9.520142820504332581e-01
8.740656714388165272e-01
7.692952134637038863e-01
6.681711286793664550e-01
5.815337908644144793e-01
5.105344744955200298e-01
4.477848300257291081e-01
4.013610190182372861e-01
3.634600626445591010e-01
3.321647323737688673e-01
3.060149105026465088e-01
2.839099170815084228e-01
2.650191465003156055e-01
2.487116181108729174e-01
2.345035510141706969e-01
2.220201775814910627e-01
2.096678318085480885e-01
1.998660525792274878e-01
1.910737465557307280e-01
1.831416585295979338e-01
1.759482823482620417e-01
1.693938460307218841e-01
1.633957584648250416e-01
1.578851297751005800e-01
1.528040877344490622e-01
1.481036898327026674e-01
1.437422850858186274e-01
1.388149202698317208e-01
1.350516643606280431e-01
1.315332140988973997e-01
1.282365834459814613e-01
1.251416941244669345e-01
1.222309310514239633e-01
1.194887763411837528e-01
1.169015063032775859e-01
1.144569392572418187e-01
1.121442245781185676e-01
1.099536653807810238e-01
1.072034513822605895e-01
1.052442331057058950e-01
1.033830564630822402e-01
1.016135845028229290e-01
9.993007443008257440e-02
9.832730954729193562e-02
9.680054042589786301e-02
9.534543388813061793e-02
9.395802862074190132e-02
9.263469644122597491e-02
9.079285437706755002e-02
8.959590586681807911e-02
8.845349874716851302e-02
8.736305197598837058e-02
8.632218322242674047e-02
8.532869085531614994e-02
8.438053794422184506e-02
8.347583801903561695e-02
8.261284237013591381e-02
8.178992870199724985e-02
8.100559097891103788e-02
7.976685019162917112e-02
7.906042607511414022e-02
7.838846819097640417e-02
7.774986008286276229e-02
7.714356396317235964e-02
7.656861538323526950e-02
7.602411842916736995e-02
7.550924139109491118e-02
7.502321285982045673e-02
7.456531821081278932e-02
7.413489644046834803e-02
7.327969877506657070e-02
7.290538860848642944e-02
7.255671379710494640e-02
7.223320551415367274e-02
7.193443684820570450e-02
7.166002124070894319e-02
7.140961112858133786e-02
7.118289678130437781e-02
7.097960532405835077e-02
7.079949994012453562e-02
7.091610226975245124e-02
7.078079331939890473e-02
7.066825115347198649e-02
7.057837777592744499e-02
7.051110994063293502e-02
7.046641938399850202e-02
7.044431323865639472e-02
7.044483463565424930e-02
7.046806350473304448e-02
7.051411758457137857e-02
7.058315365749473491e-02
7.027338212230112291e-02
7.038924896157848499e-02
7.052870385545297049e-02
7.069207687882915481e-02
7.087974724690890294e-02
7.109214638467141467e-02
7.132976142761757177e-02
