4.347826086956521063e-01
4.350887397350435282e-01
4.353948707744349500e-01
4.357010018138263163e-01
4.360071328532177382e-01
4.363132638926091600e-01
4.366193949320005818e-01
4.369255259713920037e-01
4.372316570107834255e-01
4.375377880501747918e-01
4.378439190895662136e-01
4.381500501289576355e-01
4.384561811683490573e-01
4.387623122077404791e-01
4.390684432471318455e-01
4.393745742865232673e-01
4.396807053259146891e-01
4.399868363653061110e-01
4.402929674046975328e-01
4.405990984440889546e-01
4.409052294834803210e-01
4.412113605228717428e-01
4.415174915622631646e-01
4.418236226016545865e-01
4.421297536410460083e-01
4.424358846804373746e-01
4.427420157198287964e-01
4.430481467592202183e-01
4.433542777986116401e-01
4.436604088380030619e-01
4.439665398773944283e-01
4.442726709167858501e-01
4.445788019561772719e-01
4.448849329955686938e-01
4.451910640349601156e-01
4.454971950743515374e-01
4.458033261137429037e-01
4.461094571531343256e-01
4.464155881925257474e-01
4.467217192319171692e-01
4.470278502713085911e-01
4.473339813106999574e-01
4.476401123500913792e-01
4.479462433894828011e-01
4.482523744288742229e-01
4.485585054682656447e-01
4.488646365076570666e-01
4.491707675470484329e-01
4.494768985864398547e-01
4.497830296258312766e-01
4.500891606652226984e-01
4.503952917046141202e-01
4.507014227440054865e-01
4.510075537833969084e-01
4.513136848227883302e-01
4.516198158621797520e-01
4.519259469015711739e-01
4.522320779409625957e-01
4.525382089803539620e-01
4.528443400197453839e-01
4.531504710591368057e-01
4.534566020985282275e-01
4.537627331379196494e-01
4.540688641773110157e-01
4.543749952167024375e-01
4.546811262560938594e-01
4.549872572954852812e-01
4.552933883348767030e-01
4.555995193742681248e-01
4.559056504136594912e-01
4.562117814530509130e-01
4.565179124924423348e-01
4.568240435318337567e-01
4.571301745712251785e-01
4.574363056106165448e-01
4.577424366500079667e-01
4.580485676893993885e-01
4.583546987287908103e-01
4.586608297681822322e-01
4.589669608075735985e-01
4.592730918469650203e-01
4.595792228863564421e-01
4.598853539257478640e-01
4.601914849651392858e-01
4.604976160045307076e-01
4.608037470439220740e-01
4.611098780833134958e-01
4.614160091227049176e-01
4.617221401620963395e-01
4.620282712014877613e-01
4.623344022408791831e-01
4.626405332802705495e-01
4.629466643196619713e-01
4.632527953590533931e-01
4.635589263984448150e-01
4.638650574378362368e-01
4.641711884772276031e-01
4.644773195166190249e-01
4.647834505560104468e-01
4.650895815954018686e-01
4.653957126347932904e-01
4.657018436741846568e-01
4.660079747135760786e-01
4.663141057529675004e-01
4.666202367923589223e-01
4.669263678317503441e-01
4.672324988711417104e-01
4.675386299105331323e-01
4.678447609499245541e-01
4.681508919893159759e-01
4.684570230287073977e-01
4.687631540680988196e-01
4.690692851074902414e-01
4.693754161468816077e-01
4.696815471862730296e-01
4.699876782256644514e-01
4.702938092650558732e-01
4.705999403044472951e-01
4.709060713438386614e-01
4.712122023832300832e-01
4.715183334226215051e-01
4.718244644620129269e-01
4.721305955014043487e-01
4.724367265407957150e-01
4.727428575801871369e-01
4.730489886195785587e-01
4.733551196589699805e-01
4.736612506983614024e-01
4.739673817377527687e-01
4.742735127771441905e-01
4.745796438165356124e-01
4.748857748559270342e-01
4.751919058953184560e-01
4.754980369347098779e-01
4.758041679741012442e-01
4.761102990134926660e-01
4.764164300528840879e-01
4.767225610922755097e-01
4.770286921316669315e-01
4.773348231710583534e-01
4.776409542104497197e-01
4.779470852498411415e-01
4.782532162892325633e-01
4.785593473286239852e-01
4.788654783680154070e-01
4.791716094074067733e-01
4.794777404467981952e-01
4.797838714861896170e-01
4.800900025255810388e-01
4.803961335649724607e-01
4.807022646043638270e-01
4.810083956437552488e-01
4.813145266831466706e-01
4.816206577225380925e-01
4.819267887619295143e-01
4.822329198013208806e-01
4.825390508407123025e-01
4.828451818801037243e-01
4.831513129194951461e-01
4.834574439588865680e-01
4.837635749982779898e-01
4.840697060376694116e-01
4.843758370770607780e-01
4.846819681164521998e-01
4.849880991558436216e-01
4.852942301952350435e-01
4.856003612346264653e-01
4.859064922740178316e-01
4.862126233134092534e-01
4.865187543528006753e-01
4.868248853921920971e-01
4.871310164315835189e-01
4.874371474709748853e-01
4.877432785103663071e-01
4.880494095497577289e-01
4.883555405891491508e-01
4.886616716285405726e-01
4.889678026679319389e-01
4.892739337073233608e-01
4.895800647467147826e-01
4.898861957861062044e-01
4.901923268254976263e-01
4.904984578648890481e-01
4.908045889042804144e-01
4.911107199436718362e-01
4.914168509830632581e-01
4.917229820224546799e-01
4.920291130618461017e-01
4.923352441012375236e-01
4.926413751406288899e-01
4.929475061800203117e-01
4.932536372194117336e-01
4.935597682588031554e-01
4.938658992981945772e-01
4.941720303375859435e-01
4.944781613769773654e-01
4.947842924163687872e-01
4.950904234557602090e-01
4.953965544951516309e-01
4.957026855345429972e-01
4.960088165739344190e-01
4.963149476133258409e-01
4.966210786527172627e-01
4.969272096921086845e-01
4.972333407315000509e-01
4.975394717708914727e-01
4.978456028102828945e-01
4.981517338496743164e-01
4.984578648890657382e-01
4.987639959284571600e-01
4.990701269678485819e-01
4.993762580072399482e-01
4.996823890466313700e-01
4.999885200860227918e-01
5.002946511254141582e-01
5.006007821648056355e-01
5.009069132041970018e-01
5.012130442435884792e-01
5.015191752829798455e-01
5.018253063223712118e-01
5.021314373617626892e-01
5.024375684011540555e-01
5.027436994405455328e-01
5.030498304799368992e-01
5.033559615193283765e-01
5.036620925587197428e-01
5.039682235981111091e-01
5.042743546375025865e-01
5.045804856768939528e-01
5.048866167162853191e-01
5.051927477556767965e-01
5.054988787950681628e-01
5.058050098344596401e-01
5.061111408738510065e-01
5.064172719132424838e-01
5.067234029526338501e-01
5.070295339920252164e-01
5.073356650314166938e-01
5.076417960708080601e-01
5.079479271101994264e-01
5.082540581495909038e-01
5.085601891889822701e-01
5.088663202283737474e-01
5.091724512677651138e-01
5.094785823071565911e-01
5.097847133465479574e-01
5.100908443859393238e-01
5.103969754253308011e-01
5.107031064647221674e-01
5.110092375041136448e-01
5.113153685435050111e-01
5.116214995828964884e-01
5.119276306222878548e-01
5.122337616616792211e-01
5.125398927010706984e-01
5.128460237404620647e-01
5.131521547798534311e-01
5.134582858192449084e-01
5.137644168586362747e-01
5.140705478980277521e-01
5.143766789374191184e-01
5.146828099768105957e-01
5.149889410162019621e-01
5.152950720555933284e-01
5.156012030949848057e-01
5.159073341343761721e-01
5.162134651737676494e-01
5.165195962131590157e-01
5.168257272525503820e-01
5.171318582919418594e-01
5.174379893313332257e-01
5.177441203707247031e-01
5.180502514101160694e-01
5.183563824495074357e-01
5.186625134888989130e-01
5.189686445282902794e-01
5.192747755676817567e-01
5.195809066070731230e-01
5.198870376464646004e-01
5.201931686858559667e-01
5.204992997252473330e-01
5.208054307646388104e-01
5.211115618040301767e-01
5.214176928434215430e-01
5.217238238828130203e-01
5.220299549222043867e-01
5.223360859615958640e-01
5.226422170009872303e-01
5.229483480403787077e-01
5.232544790797700740e-01
5.235606101191614403e-01
5.238667411585529177e-01
5.241728721979442840e-01
5.244790032373357613e-01
5.247851342767271277e-01
5.250912653161184940e-01
5.253973963555099713e-01
5.257035273949013376e-01
5.260096584342928150e-01
5.263157894736841813e-01
