4.236049798474146866e-01
4.261656457676139542e-01
4.268419206935562538e-01
4.293013272725798579e-01
4.317138193022903581e-01
4.322671119851455579e-01
4.345778724319976916e-01
4.368421650627561381e-01
4.402728508906869065e-01
4.424511404776289014e-01
4.445857595932689588e-01
4.448359876962494908e-01
4.468823988076682241e-01
4.501827295135925056e-01
4.521625728849428816e-01
4.541122209675898524e-01
4.541947664363304993e-01
4.560926515445397067e-01
4.579759889484259494e-01
4.611467971007130462e-01
4.630255969434198260e-01
4.649130903191949771e-01
4.648797186863924957e-01
4.668121102495516039e-01
4.687878056050847064e-01
4.689774011256896413e-01
4.710823205156805527e-01
4.732803826501011946e-01
4.769084706456678813e-01
4.793594598552712860e-01
4.819741477258088214e-01
4.829372258145079311e-01
4.859716821884001448e-01
4.874482754513021487e-01
4.910557476248865738e-01
4.950188558931822302e-01
4.974955641351108127e-01
5.023402728647037296e-01
5.077224767917789539e-01
5.119376461086396768e-01
5.186368419788496276e-01
5.261277443226278772e-01
5.327655483674242909e-01
5.421748536185982958e-01
5.527186001205142141e-01
5.628598674120118828e-01
5.761068254623361584e-01
5.909104826839566282e-01
6.058655087339863687e-01
6.242605268323239143e-01
6.446189844074849962e-01
6.656155894287089092e-01
6.901996265213408144e-01
7.168343964593166806e-01
7.443547511727438559e-01
7.746542022177778097e-01
8.054205815271507918e-01
8.376324367673513294e-01
8.695892850272463059e-01
9.004868814559083834e-01
9.287271388137725570e-01
9.534909192800768984e-01
9.738021356196840950e-01
9.886444508463612113e-01
9.974438845676979470e-01
9.999601628983945112e-01
9.962138852316775317e-01
9.867472438287215875e-01
9.718186055084052644e-01
9.530367965257774410e-01
9.310499156023518408e-01
9.057719746955898987e-01
8.798496340636861035e-01
8.531669990448328411e-01
8.248665874688068111e-01
7.981489506170534876e-01
7.704355412928084457e-01
7.450868113632470591e-01
7.207353412417478733e-01
6.988758616718425687e-01
6.767515483040128510e-01
6.557437009955594531e-01
6.373643013484954212e-01
6.185191002888276168e-01
6.006821261751187357e-01
5.819740027083538658e-01
5.659986756524044704e-01
5.508697358773700925e-01
5.380349816278023889e-01
5.244210192169458384e-01
5.114901863677812077e-01
4.974654365454362903e-01
4.857759299382164442e-01
4.746348472092676296e-01
4.653321705211901915e-01
4.551593338718004089e-01
4.454266656494555443e-01
4.374542631340561649e-01
4.284978882522524346e-01
4.212033758497489844e-01
4.129215246202939116e-01
4.049517553250420732e-01
3.957711861450781687e-01
3.883868787544364487e-01
3.812607469929846227e-01
3.755825854814928699e-01
3.689142231049257759e-01
3.624626810164386925e-01
3.573661978241486903e-01
3.513003363041481975e-01
3.454192987707656037e-01
3.407454749284946627e-01
3.351951314149528849e-01
3.298046745987033845e-01
3.256154749610775112e-01
3.205114322007601158e-01
3.155477328472437448e-01
3.139503588121891342e-01
3.092126131274806067e-01
3.055580851840438150e-01
3.010553256907094744e-01
2.966695420330731081e-01
2.953901811599378702e-01
2.911925708679348190e-01
2.871019509067254671e-01
2.839821569716510785e-01
2.800869302003505812e-01
2.762906338509296678e-01
2.733667924869372379e-01
2.697529693736896994e-01
2.662319792296947707e-01
2.672831517726186323e-01
2.638934848056804783e-01
2.605930354178415120e-01
2.581265689211387215e-01
2.549934112848004641e-01
2.519469500272595863e-01
2.531190156358189558e-01
2.502009411053627286e-01
2.497030860754606563e-01
2.469343682800797524e-01
2.442535956056809676e-01
2.439108745847677895e-01
2.413858234338512598e-01
2.389526820864465440e-01
2.387689446165465745e-01
2.365043973362082053e-01
2.343395965244025048e-01
2.343039512321495321e-01
2.323302265276860623e-01
