5.714285714285713969e-01
5.725648947125456800e-01
5.737012179965199632e-01
5.748375412804942464e-01
5.759738645644685295e-01
5.771101878484428127e-01
5.782465111324170959e-01
5.793828344163913791e-01
5.805191577003657732e-01
5.816554809843400564e-01
5.827918042683143396e-01
5.839281275522886228e-01
5.850644508362629059e-01
5.862007741202371891e-01
5.873370974042114723e-01
5.884734206881857554e-01
5.896097439721600386e-01
5.907460672561343218e-01
5.918823905401086050e-01
5.930187138240828881e-01
5.941550371080571713e-01
5.952913603920314545e-01
5.964276836760057376e-01
5.975640069599801318e-01
5.987003302439544150e-01
5.998366535279286982e-01
6.009729768119029814e-01
6.021093000958772645e-01
6.032456233798515477e-01
6.043819466638258309e-01
6.055182699478001140e-01
6.066545932317743972e-01
6.077909165157486804e-01
6.089272397997229636e-01
6.100635630836972467e-01
6.111998863676715299e-01
6.123362096516458131e-01
6.134725329356200962e-01
6.146088562195943794e-01
6.157451795035687736e-01
6.168815027875430568e-01
6.180178260715173399e-01
6.191541493554916231e-01
6.202904726394659063e-01
6.214267959234401895e-01
6.225631192074144726e-01
6.236994424913887558e-01
6.248357657753630390e-01
6.259720890593373221e-01
6.271084123433116053e-01
6.282447356272858885e-01
6.293810589112601717e-01
6.305173821952344548e-01
6.316537054792088490e-01
6.327900287631831322e-01
6.339263520471574154e-01
6.350626753311316985e-01
6.361989986151059817e-01
6.373353218990802649e-01
6.384716451830545481e-01
6.396079684670288312e-01
6.407442917510031144e-01
6.418806150349773976e-01
6.430169383189516807e-01
6.441532616029259639e-01
6.452895848869002471e-01
6.464259081708745303e-01
6.475622314548488134e-01
6.486985547388230966e-01
6.498348780227974908e-01
6.509712013067717740e-01
6.521075245907460571e-01
6.532438478747203403e-01
6.543801711586946235e-01
6.555164944426689067e-01
6.566528177266431898e-01
6.577891410106174730e-01
6.589254642945917562e-01
6.600617875785660393e-01
6.611981108625403225e-01
6.623344341465146057e-01
6.634707574304888889e-01
6.646070807144632830e-01
6.657434039984375662e-01
6.668797272824118494e-01
6.680160505663861326e-01
6.691523738503604157e-01
6.702886971343346989e-01
6.714250204183089821e-01
6.725613437022832652e-01
6.736976669862575484e-01
6.748339902702318316e-01
6.759703135542061148e-01
6.771066368381803979e-01
6.782429601221546811e-01
6.793792834061289643e-01
6.805156066901032474e-01
6.816519299740775306e-01
6.827882532580518138e-01
6.839245765420262080e-01
6.850608998260004912e-01
6.861972231099747743e-01
6.873335463939490575e-01
6.884698696779233407e-01
6.896061929618976238e-01
6.907425162458719070e-01
6.918788395298461902e-01
6.930151628138204734e-01
6.941514860977947565e-01
6.952878093817690397e-01
6.964241326657433229e-01
6.975604559497176060e-01
6.986967792336920002e-01
6.998331025176662834e-01
7.009694258016405666e-01
7.021057490856148497e-01
7.032420723695891329e-01
7.043783956535634161e-01
7.055147189375376993e-01
7.066510422215119824e-01
7.077873655054862656e-01
7.089236887894605488e-01
7.100600120734348319e-01
7.111963353574091151e-01
7.123326586413833983e-01
7.134689819253576815e-01
7.146053052093319646e-01
7.157416284933062478e-01
7.168779517772805310e-01
7.180142750612548141e-01
7.191505983452292083e-01
7.202869216292034915e-01
7.214232449131777747e-01
7.225595681971520579e-01
7.236958914811263410e-01
7.248322147651006242e-01
7.259685380490749074e-01
7.271048613330491905e-01
7.282411846170234737e-01
7.293775079009977569e-01
7.305138311849720401e-01
7.316501544689463232e-01
7.327864777529207174e-01
7.339228010368950006e-01
7.350591243208692838e-01
7.361954476048435669e-01
7.373317708888178501e-01
7.384680941727921333e-01
7.396044174567664164e-01
7.407407407407406996e-01
