9.993626324335910249e-01
9.993318920109772741e-01
9.992395136145965084e-01
9.990858427451384527e-01
9.988714827823124143e-01
9.985973116266834149e-01
9.982644720197862975e-01
9.978743044045654820e-01
9.974281926936940934e-01
9.969273122965832679e-01
9.963723098284389401e-01
9.957629935175061897e-01
9.950981425866393115e-01
9.943755215025159577e-01
9.935921092894670625e-01
9.927444660639817009e-01
9.918291131035424923e-01
9.908428212567844673e-01
9.897827614699781229e-01
9.886465290657301397e-01
9.874320844667157093e-01
9.861376563427323161e-01
9.847616410092838724e-01
9.833025165628308528e-01
9.817587782932236662e-01
9.801288948832586057e-01
9.784112818132395528e-01
9.766042876921897653e-01
9.747061896894211319e-01
9.727151950755084098e-01
9.706294467191070030e-01
9.684470310778313662e-01
9.661659877355467385e-01
9.637843198961749680e-01
9.613000054818962026e-01
9.587110086328890501e-01
9.560152914927868562e-01
9.532108262127445553e-01
9.502956071258600312e-01
9.472676630479225368e-01
9.441250696490174343e-01
9.408659618270596159e-01
9.374885459908404162e-01
9.339911121410839900e-01
9.303720456086227442e-01
9.266298382913353837e-01
9.227630992065529725e-01
9.187705641585119931e-01
9.146511043100555849e-01
9.104037334397614423e-01
9.060276136706093553e-01
9.015220594696502499e-01
8.968865397434536701e-01
8.921206778929918757e-01
8.872242497463959099e-01
8.821971793510050563e-01
8.770395326876015973e-01
8.717515094573553558e-01
8.663334331860690352e-01
8.607857399882009597e-01
8.551089664221247499e-01
8.493037369477781651e-01
8.433707515596992055e-01
8.373107741975154283e-01
8.311246225439912205e-01
8.248131597786576563e-01
8.183772887872658996e-01
8.118179492132716613e-01
8.051361175944808934e-01
7.983328106570882765e-01
7.914090916525257091e-01
7.843660794315150397e-01
7.772049597615956484e-01
7.699269982332197504e-01
7.625335539609601199e-01
7.550260931897009309e-01
7.474062018660369011e-01
7.396755962262938633e-01
7.318361304983383997e-01
7.238898009037750825e-01
7.158387452806647122e-01
7.076852378257211251e-01
6.994316786834438027e-01
6.910805783888503973e-01
6.826345375309268437e-01
6.740962224649615919e-01
6.654683385225468317e-01
6.567536030243354972e-01
6.479547215940112403e-01
6.390743729735298695e-01
6.301152099404792040e-01
6.210798873065846992e-01
6.119711326282615271e-01
6.027918814855802720e-01
5.935455071105163460e-01
5.842361834299117929e-01
5.748694298128833591e-01
5.654528914011720531e-01
5.559974035215546895e-01
5.465183592687951064e-01
