0.000000000000000000e+00
7.933314781792407192e-03
1.586662956358481438e-02
2.379994434537721984e-02
3.173325912716962877e-02
3.966657390896203422e-02
4.759988869075443968e-02
5.553320347254684514e-02
6.346651825433925753e-02
7.139983303613166299e-02
7.933314781792406845e-02
8.726646259971647390e-02
9.519977738150887936e-02
1.031330921633012987e-01
1.110664069450936903e-01
1.189997217268861096e-01
1.269330365086785151e-01
1.348663512904709205e-01
1.427996660722633260e-01
1.507329808540557314e-01
1.586662956358481369e-01
1.665996104176405423e-01
1.745329251994329478e-01
1.824662399812253810e-01
1.903995547630177587e-01
1.983328695448101642e-01
2.062661843266025974e-01
2.141994991083949751e-01
2.221328138901873805e-01
2.300661286719798138e-01
2.379994434537722192e-01
2.459327582355645969e-01
2.538660730173570301e-01
2.617993877991494078e-01
2.697327025809418410e-01
2.776660173627342187e-01
2.855993321445266520e-01
2.935326469263190297e-01
3.014659617081114629e-01
3.093992764899038406e-01
3.173325912716962738e-01
3.252659060534887070e-01
3.331992208352810847e-01
3.411325356170734624e-01
3.490658503988658956e-01
3.569991651806582733e-01
3.649324799624507620e-01
3.728657947442431397e-01
3.807991095260355174e-01
3.887324243078279506e-01
3.966657390896203284e-01
4.045990538714127061e-01
4.125323686532051948e-01
4.204656834349975725e-01
4.283989982167899502e-01
4.363323129985823834e-01
4.442656277803747611e-01
4.521989425621671388e-01
4.601322573439596275e-01
4.680655721257520052e-01
4.759988869075444384e-01
4.839322016893368161e-01
4.918655164711291938e-01
4.997988312529216270e-01
5.077321460347140603e-01
5.156654608165064380e-01
5.235987755982988157e-01
5.315320903800911934e-01
5.394654051618836821e-01
5.473987199436760598e-01
5.553320347254684375e-01
5.632653495072609262e-01
5.711986642890533039e-01
5.791319790708456816e-01
5.870652938526380593e-01
5.949986086344304370e-01
6.029319234162229257e-01
6.108652381980153034e-01
6.187985529798076811e-01
6.267318677616000588e-01
6.346651825433925476e-01
6.425984973251850363e-01
6.505318121069774140e-01
6.584651268887697917e-01
6.663984416705621694e-01
6.743317564523545471e-01
6.822650712341469248e-01
6.901983860159394135e-01
6.981317007977317912e-01
7.060650155795241689e-01
7.139983303613165466e-01
7.219316451431089243e-01
7.298649599249015241e-01
7.377982747066939018e-01
7.457315894884862795e-01
7.536649042702786572e-01
7.615982190520710349e-01
7.695315338338634126e-01
7.774648486156559013e-01
7.853981633974482790e-01
