2.492191981448658999e-01
2.529908432407037555e-01
2.580382427668739820e-01
2.632958704963953012e-01
2.695732192304042818e-01
2.753084261793077858e-01
2.813032564443241901e-01
2.863470606856100553e-01
2.929051823676349087e-01
2.985925480441704583e-01
3.058087469722626794e-01
3.134033209884668492e-01
3.222907918771992231e-01
3.307503216655359179e-01
3.396915513096384620e-01
3.478743353517148584e-01
3.578929895858490307e-01
3.672357458327912827e-01
3.785354872724481790e-01
3.905710312902642145e-01
4.020199343520053925e-01
4.157217172537405192e-01
4.303764537001897872e-01
4.447346386473409741e-01
4.615512223234386480e-01
4.782609764031837130e-01
4.976278668934234761e-01
5.184152827194866697e-01
5.394511267841231028e-01
5.633849801294182891e-01
5.878101260078000267e-01
6.151965815846575092e-01
6.443175424547948893e-01
6.740960730865910300e-01
7.065487233340392859e-01
7.403258566684945974e-01
7.744329478458044091e-01
8.097453336400026735e-01
8.444719374245940324e-01
8.785407857256115616e-01
9.104100020707101004e-01
9.388091574811970874e-01
9.626357044695270648e-01
9.807822855145034158e-01
9.926276782162007928e-01
9.969778820305240652e-01
9.941038623597960866e-01
9.838833116987558691e-01
9.673026260367204587e-01
9.450391343559920720e-01
9.189016116834068937e-01
8.899668552654251830e-01
8.584603889479054395e-01
8.270568040013236422e-01
7.945277250994620122e-01
7.637892359667606268e-01
7.342011887736207276e-01
7.046276985411685789e-01
6.782496181319196404e-01
6.538195579117951350e-01
6.327168454988573165e-01
6.123525845694804959e-01
5.953451415969081006e-01
5.788186063892892808e-01
5.640446593364347727e-01
5.492379611867475031e-01
5.376016984469440541e-01
5.273464591888177289e-01
5.197260524178419772e-01
5.118769779190438518e-01
5.034735727656370896e-01
4.976338189238631027e-01
4.926618732840811199e-01
4.897333070206564831e-01
4.862666760176611036e-01
4.834573021102293588e-01
4.825511197639264505e-01
4.808880610228050134e-01
4.810106411564612494e-01
4.803113251959976737e-01
4.800371698270746168e-01
4.786281267811274276e-01
4.791064082854595285e-01
4.811860825622562010e-01
4.823049522696815639e-01
4.837088821059328803e-01
4.866344251109374075e-01
4.885496967166681470e-01
4.906931769781655017e-01
4.942225846634702435e-01
4.967782110363591630e-01
5.007583281384927476e-01
5.036724165445505275e-01
5.067462228495334120e-01
5.139457446790218764e-01
5.173178610205825256e-01
5.208188570570877474e-01
5.256515289722597517e-01
5.293864421103972040e-01
5.371522101266505977e-01
5.410958546615519671e-01
5.451258683734412358e-01
5.504176580694307708e-01
5.546014623746083894e-01
5.588493305437208791e-01
5.642578483297004954e-01
5.686162492414533753e-01
5.795959221283893958e-01
5.840540917550109956e-01
5.885419642396195750e-01
5.941846109032840051e-01
5.987154517351840344e-01
6.097091815436357365e-01
6.142709520758182773e-01
6.188299376214280167e-01
6.270823541431962411e-01
6.316258056313358571e-01
6.361481313211519995e-01
6.443136958601177744e-01
6.487836224594430989e-01
6.568194185999337575e-01
6.612137674963656231e-01
6.655601683323699724e-01
6.733242081132924106e-01
6.775655286199410154e-01
6.817473911028614220e-01
6.868419865464785445e-01
6.908986536238354015e-01
6.983504999333737251e-01
7.022757418281655450e-01
7.061374487810896383e-01
7.133060097811020350e-01
7.170405951289192670e-01
7.207221524876920027e-01
7.252488583717866533e-01
7.288416050926259659e-01
7.355947374331930355e-01
7.391085738330435140e-01
7.426061972231349229e-01
7.468363629695446981e-01
7.502997934682081871e-01
7.537403959988301372e-01
7.578883287368040067e-01
7.611618816281743305e-01
7.630204274522275343e-01
7.658570964359134869e-01
7.682370419391797434e-01
7.706162791142167068e-01
7.714765295845658066e-01
7.701986593682116355e-01
7.688632181264216658e-01
7.663482569403052835e-01
7.615629987692598135e-01
7.570253685071843819e-01
7.518404414454495921e-01
7.469863976381464488e-01
7.412445772783636810e-01
7.340304250456050061e-01
7.282975722312107214e-01
7.227056388385656449e-01
7.157560006721747081e-01
7.104833387624238661e-01
7.053770967972945449e-01
6.988493961193297244e-01
6.940259464417185553e-01
6.877736900631459260e-01
6.831914076504227440e-01
6.787212666455725296e-01
6.702040663482302651e-01
6.659658059708998268e-01
6.618491895323331820e-01
6.563220980226192047e-01
6.524839598620302272e-01
6.472917891156592107e-01
6.437756229278646103e-01
6.404193847187326094e-01
6.333724798057448480e-01
6.303426064131135709e-01
6.273902678230296459e-01
6.229973261518322314e-01
6.199816937492980129e-01
6.154341505439349103e-01
6.119670512565814624e-01
6.081819096297688132e-01
6.027688964238048230e-01
5.984446669449157152e-01
5.926301737632054811e-01
5.881972188543075353e-01
5.839134626136895934e-01
5.785278193103138289e-01
5.748513779990144235e-01
5.715932620033907785e-01
5.674008199917101036e-01
5.650972098389693832e-01
5.619490210575210920e-01
5.606199389602625205e-01
5.597359051941815933e-01
5.579622292713495302e-01
5.578909097487275703e-01
5.582122938558727876e-01
