5.882352941176470784e-01
5.894669425559168063e-01
5.906985909941866453e-01
5.919302394324563732e-01
5.931618878707262121e-01
5.943935363089959401e-01
5.956251847472657790e-01
5.968568331855355069e-01
5.980884816238053459e-01
5.993201300620750738e-01
6.005517785003449127e-01
6.017834269386146406e-01
6.030150753768844796e-01
6.042467238151542075e-01
6.054783722534240464e-01
6.067100206916937744e-01
6.079416691299636133e-01
6.091733175682333412e-01
6.104049660065031802e-01
6.116366144447729081e-01
6.128682628830426360e-01
6.140999113213124749e-01
6.153315597595822029e-01
6.165632081978520418e-01
6.177948566361217697e-01
6.190265050743916087e-01
6.202581535126613366e-01
6.214898019509311755e-01
6.227214503892009034e-01
6.239530988274707424e-01
6.251847472657404703e-01
6.264163957040103092e-01
6.276480441422800371e-01
6.288796925805498761e-01
6.301113410188196040e-01
6.313429894570894430e-01
6.325746378953591709e-01
6.338062863336288988e-01
6.350379347718987377e-01
6.362695832101684656e-01
6.375012316484383046e-01
6.387328800867080325e-01
6.399645285249778714e-01
6.411961769632475994e-01
6.424278254015174383e-01
6.436594738397871662e-01
6.448911222780570052e-01
6.461227707163267331e-01
6.473544191545965720e-01
6.485860675928662999e-01
6.498177160311361389e-01
6.510493644694058668e-01
6.522810129076757057e-01
6.535126613459454337e-01
6.547443097842151616e-01
6.559759582224850005e-01
6.572076066607548395e-01
6.584392550990245674e-01
6.596709035372942953e-01
6.609025519755641342e-01
6.621342004138338622e-01
6.633658488521037011e-01
6.645974972903734290e-01
6.658291457286432680e-01
6.670607941669129959e-01
6.682924426051828348e-01
6.695240910434525627e-01
6.707557394817224017e-01
6.719873879199921296e-01
6.732190363582619685e-01
6.744506847965316965e-01
6.756823332348014244e-01
6.769139816730712633e-01
6.781456301113411023e-01
6.793772785496108302e-01
6.806089269878805581e-01
6.818405754261503970e-01
6.830722238644201250e-01
6.843038723026899639e-01
6.855355207409596918e-01
6.867671691792295308e-01
6.879988176174992587e-01
6.892304660557690976e-01
6.904621144940388255e-01
6.916937629323086645e-01
6.929254113705783924e-01
6.941570598088482313e-01
6.953887082471179593e-01
6.966203566853877982e-01
6.978520051236575261e-01
6.990836535619273651e-01
7.003153020001970930e-01
7.015469504384668209e-01
7.027785988767366598e-01
7.040102473150063878e-01
7.052418957532762267e-01
7.064735441915459546e-01
7.077051926298157936e-01
7.089368410680855215e-01
7.101684895063553604e-01
7.114001379446250883e-01
7.126317863828949273e-01
7.138634348211646552e-01
7.150950832594344941e-01
7.163267316977042221e-01
7.175583801359740610e-01
7.187900285742437889e-01
7.200216770125136279e-01
7.212533254507833558e-01
7.224849738890530837e-01
7.237166223273229226e-01
7.249482707655927616e-01
7.261799192038624895e-01
7.274115676421322174e-01
7.286432160804020564e-01
7.298748645186717843e-01
7.311065129569416232e-01
7.323381613952113511e-01
7.335698098334811901e-01
7.348014582717509180e-01
7.360331067100207569e-01
7.372647551482904849e-01
7.384964035865603238e-01
7.397280520248300517e-01
7.409597004630998907e-01
7.421913489013696186e-01
7.434229973396393465e-01
7.446546457779091854e-01
7.458862942161790244e-01
7.471179426544487523e-01
7.483495910927184802e-01
7.495812395309883192e-01
7.508128879692581581e-01
7.520445364075278860e-01
7.532761848457976139e-01
7.545078332840674529e-01
7.557394817223371808e-01
7.569711301606070197e-01
7.582027785988767477e-01
7.594344270371465866e-01
7.606660754754163145e-01
7.618977239136861535e-01
7.631293723519558814e-01
7.643610207902256093e-01
7.655926692284954482e-01
7.668243176667652872e-01
7.680559661050350151e-01
7.692876145433047430e-01
7.705192629815745819e-01
7.717509114198444209e-01
7.729825598581141488e-01
7.742142082963838767e-01
7.754458567346537157e-01
7.766775051729234436e-01
7.779091536111932825e-01
7.791408020494630104e-01
7.803724504877328494e-01
7.816040989260025773e-01
7.828357473642724162e-01
7.840673958025421442e-01
7.852990442408118721e-01
7.865306926790817110e-01
7.877623411173515500e-01
7.889939895556212779e-01
7.902256379938910058e-01
7.914572864321608447e-01
7.926889348704306837e-01
7.939205833087004116e-01
7.951522317469701395e-01
7.963838801852399785e-01
7.976155286235097064e-01
7.988471770617795453e-01
8.000788255000492732e-01
8.013104739383191122e-01
8.025421223765888401e-01
8.037737708148586790e-01
8.050054192531284070e-01
8.062370676913982459e-01
8.074687161296679738e-01
8.087003645679378128e-01
8.099320130062075407e-01
8.111636614444772686e-01
8.123953098827471075e-01
8.136269583210169465e-01
8.148586067592866744e-01
8.160902551975564023e-01
8.173219036358262413e-01
8.185535520740960802e-01
8.197852005123658081e-01
8.210168489506355360e-01
8.222484973889053750e-01
8.234801458271751029e-01
8.247117942654449418e-01
8.259434427037146698e-01
8.271750911419845087e-01
8.284067395802542366e-01
8.296383880185240756e-01
8.308700364567938035e-01
8.321016848950635314e-01
8.333333333333333703e-01
